,date,CASE…,HOSP…,DEATH…,Total Chi…,Total Ind…,Single Adult M…,Single Adult W…
date,1,0.021055926,-0.271402697,-0.345625622,-0.992053491,-0.966272296,0.215538394,-0.739034489
CASE…,0.021055926,1,0.753838953,0.557200956,0.049926315,0.113182556,0.365577546,0.317535634
HOSP…,-0.271402697,0.753838953,1,0.831527162,0.304407353,0.311257913,-0.036591762,0.344253413
DEATH…,-0.345625622,0.557200956,0.831527162,1,0.357900326,0.350076495,-0.144429549,0.321948357
Total Chi…,-0.992053491,0.049926315,0.304407353,0.357900326,1,0.987960553,-0.121470242,0.801805757
Total Ind…,-0.966272296,0.113182556,0.311257913,0.350076495,0.987960553,1,0.031320309,0.874118573
Single Adult M…,0.215538394,0.365577546,-0.036591762,-0.144429549,-0.121470242,0.031320309,1,0.411705465
Single Adult W…,-0.739034489,0.317535634,0.344253413,0.321948357,0.801805757,0.874118573,0.411705465,1
